0 0.194109 0.396526 0.108761 0.164653
0 0.316465 0.406344 0.096677 0.160121
0 0.429758 0.413897 0.105740 0.154079
10 0.481873 0.486405 0.031722 0.036254
0 0.554381 0.426737 0.110272 0.161631
1 0.166918 0.507553 0.024169 0.042296
2 0.239426 0.515861 0.024169 0.040785
0 0.296828 0.517372 0.027190 0.040785
1 0.317221 0.522659 0.025680 0.048338
0 0.371601 0.526435 0.028701 0.040785
2 0.390483 0.528701 0.030211 0.048338
12 0.448640 0.534743 0.034743 0.042296
16 0.521903 0.540785 0.030211 0.036254
13 0.583082 0.573263 0.049849 0.074018