5 0.223881 0.468278 0.146491 0.350453
0 0.425701 0.469033 0.158083 0.327795
0 0.624886 0.462236 0.164407 0.326284
10 0.686011 0.600453 0.033724 0.052870
0 0.821963 0.457704 0.155976 0.323263
16 0.350348 0.884441 0.038994 0.058912
13 0.456791 0.885196 0.036886 0.048338
1 0.484192 0.886707 0.015808 0.060423
13 0.565868 0.882175 0.033724 0.051360
2 0.592742 0.887462 0.026347 0.052870
12 0.688119 0.882931 0.033724 0.052870
14 0.795089 0.882175 0.034778 0.045317
13 0.901005 0.882175 0.040048 0.048338