2 0.359417 0.724320 0.162096 0.327795
2 0.513008 0.665408 0.159094 0.333837
5 0.665098 0.602719 0.179106 0.323263
10 0.783668 0.709215 0.040024 0.074018
3 0.819690 0.539275 0.180107 0.323263
4 0.519011 0.329305 0.103061 0.157100
9 0.610566 0.299849 0.086051 0.164653
10 0.670101 0.350453 0.025015 0.042296
9 0.694115 0.268882 0.089053 0.148036
14 0.726134 0.372356 0.049029 0.058912
1 0.698118 0.114048 0.033020 0.061934
1 0.714127 0.104230 0.029017 0.057402
8 0.736640 0.097432 0.028017 0.055891
13 0.763656 0.089124 0.036021 0.051360
13 0.207827 0.296073 0.047028 0.072508
13 0.279369 0.870091 0.034020 0.078550