2 0.306308 0.590634 0.144671 0.362538
3 0.428262 0.589124 0.123150 0.359517
9 0.559184 0.586858 0.126737 0.354985
10 0.645269 0.739426 0.035869 0.058912
5 0.746299 0.581571 0.118367 0.368580
11 0.813852 0.547583 0.033478 0.040785
14 0.839558 0.544562 0.029891 0.046828
13 0.172996 0.666918 0.028695 0.034743
13 0.178974 0.725076 0.028695 0.048338
16 0.626139 0.200151 0.043043 0.067976
1 0.698474 0.202417 0.015543 0.060423
8 0.722387 0.202417 0.029891 0.066465
2 0.746897 0.203927 0.026304 0.063444
0 0.773201 0.202417 0.026304 0.051360